[{"id": 0, "img_name": "044", "width": 4032, "height": 3024, "position": [4.245683982396226, 2.0869334849414827, 7.7070000708525335], "rotation": [[-0.9988061516167382, -3.533953236487978e-10, -0.04884977392581206], [0.04884977392581206, -7.225691999977087e-09, -0.9988061443824096], [3.5339532364879783e-10, -1.0000000072343287, -7.225691999977088e-09]], "fy": 2798.8999999999996, "fx": 2800.35}, {"id": 1, "img_name": "045", "width": 4032, "height": 3024, "position": [2.963458640274627, 2.066938460343615, 7.726000070845336], "rotation": [[-0.9988061516167382, -3.533953236487978e-10, -0.04884977392581206], [0.04884977392581206, -7.225691999977087e-09, -0.9988061443824096], [3.5339532364879783e-10, -1.0000000072343287, -7.225691999977088e-09]], "fy": 2798.8999999999996, "fx": 2800.35}, {"id": 2, "img_name": "046", "width": 4032, "height": 3024, "position": [2.3746188980474643, 2.0989885615896027, 7.716000071004854], "rotation": [[-0.9988061516167382, -3.533953236487978e-10, -0.04884977392581206], [0.04884977392581206, -7.225691999977087e-09, -0.9988061443824096], [3.5339532364879783e-10, -1.0000000072343287, -7.225691999977088e-09]], "fy": 2798.8999999999996, "fx": 2800.35}, {"id": 3, "img_name": "047", "width": 4032, "height": 3024, "position": [1.1851656267002364, 2.1230897974227227, 7.709000071128569], "rotation": [[-0.9988061516167382, -3.533953236487978e-10, -0.04884977392581206], [0.04884977392581206, -7.225691999977087e-09, -0.9988061443824096], [3.5339532364879783e-10, -1.0000000072343287, -7.225691999977088e-09]], "fy": 2798.8999999999996, "fx": 2800.35}, {"id": 4, "img_name": "048", "width": 4032, "height": 3024, "position": [-0.2371113414052408, 2.1305652889097115, 7.692000071059667], "rotation": [[-0.9988061516167382, -3.533953236487978e-10, -0.04884977392581206], [0.04884977392581206, -7.225691999977087e-09, -0.9988061443824096], [3.5339532364879783e-10, -1.0000000072343287, -7.225691999977088e-09]], "fy": 2798.8999999999996, "fx": 2800.35}, {"id": 5, "img_name": "049", "width": 4032, "height": 3024, "position": [-0.4534329608556606, 2.0830740142042963, 7.931000072445103], "rotation": [[-0.9988061516167382, -3.533953236487978e-10, -0.04884977392581206], [0.04884977392581206, -7.225691999977087e-09, -0.9988061443824096], [3.5339532364879783e-10, -1.0000000072343287, -7.225691999977088e-09]], "fy": 2798.8999999999996, "fx": 2800.35}, {"id": 6, "img_name": "050", "width": 4032, "height": 3024, "position": [-0.46578837159372655, 2.1040073788071987, 8.467000076474143], "rotation": [[-0.9988061516167382, -3.533953236487978e-10, -0.04884977392581206], [0.04884977392581206, -7.225691999977087e-09, -0.9988061443824096], [3.5339532364879783e-10, -1.0000000072343287, -7.225691999977088e-09]], "fy": 2798.8999999999996, "fx": 2800.35}, {"id": 7, "img_name": "051", "width": 4032, "height": 3024, "position": [-0.5045948543123264, 2.1368758521995272, 9.136000081551689], "rotation": [[-0.9988061516167382, -3.533953236487978e-10, -0.04884977392581206], [0.04884977392581206, -7.225691999977087e-09, -0.9988061443824096], [3.5339532364879783e-10, -1.0000000072343287, -7.225691999977088e-09]], "fy": 2798.8999999999996, "fx": 2800.35}, {"id": 8, "img_name": "052", "width": 4032, "height": 3024, "position": [-0.49875023910215893, 2.1613068246852136, 9.579000084933238], "rotation": [[-0.9988061516167382, -3.533953236487978e-10, -0.04884977392581206], [0.04884977392581206, -7.225691999977087e-09, -0.9988061443824096], [3.5339532364879783e-10, -1.0000000072343287, -7.225691999977088e-09]], "fy": 2798.8999999999996, "fx": 2800.35}, {"id": 9, "img_name": "053", "width": 4032, "height": 3024, "position": [-0.4483179992469395, 2.1839474611648333, 9.574000085060858], "rotation": [[-0.9988061516167382, -3.533953236487978e-10, -0.04884977392581206], [0.04884977392581206, -7.225691999977087e-09, -0.9988061443824096], [3.5339532364879783e-10, -1.0000000072343287, -7.225691999977088e-09]], "fy": 2798.8999999999996, "fx": 2800.35}, {"id": 10, "img_name": "054", "width": 4032, "height": 3024, "position": [-0.4769662903265573, 2.3199534459337747, 9.406000084829403], "rotation": [[-0.9988061516167382, -3.533953236487978e-10, -0.04884977392581206], [0.04884977392581206, -7.225691999977087e-09, -0.9988061443824096], [3.5339532364879783e-10, -1.0000000072343287, -7.225691999977088e-09]], "fy": 2798.8999999999996, "fx": 2800.35}, {"id": 11, "img_name": "055", "width": 4032, "height": 3024, "position": [-0.43103796563823177, 2.2838290590273167, 9.288000083714415], "rotation": [[-0.9988061516167382, -3.533953236487978e-10, -0.04884977392581206], [0.04884977392581206, -7.225691999977087e-09, -0.9988061443824096], [3.5339532364879783e-10, -1.0000000072343287, -7.225691999977088e-09]], "fy": 2798.8999999999996, "fx": 2800.35}, {"id": 12, "img_name": "056", "width": 4032, "height": 3024, "position": [-0.470180544886873, 2.2457847099275714, 9.952000088242784], "rotation": [[-0.9988061516167382, -3.533953236487978e-10, -0.04884977392581206], [0.04884977392581206, -7.225691999977087e-09, -0.9988061443824096], [3.5339532364879783e-10, -1.0000000072343287, -7.225691999977088e-09]], "fy": 2798.8999999999996, "fx": 2800.35}, {"id": 13, "img_name": "057", "width": 4032, "height": 3024, "position": [-0.48518331891680283, 2.2256981772536415, 10.772000094029622], "rotation": [[-0.9988061516167382, -3.533953236487978e-10, -0.04884977392581206], [0.04884977392581206, -7.225691999977087e-09, -0.9988061443824096], [3.5339532364879783e-10, -1.0000000072343287, -7.225691999977088e-09]], "fy": 2798.8999999999996, "fx": 2800.35}, {"id": 14, "img_name": "058", "width": 4032, "height": 3024, "position": [-0.447201664325917, 2.2792429329960258, 11.527000099878899], "rotation": [[-0.9988061516167382, -3.533953236487978e-10, -0.04884977392581206], [0.04884977392581206, -7.225691999977087e-09, -0.9988061443824096], [3.5339532364879783e-10, -1.0000000072343287, -7.225691999977088e-09]], "fy": 2798.8999999999996, "fx": 2800.35}, {"id": 15, "img_name": "085", "width": 4032, "height": 3024, "position": [-6.914135896087353, 2.401439082086543, 16.283000135169374], "rotation": [[-0.9988061516167382, -3.533953236487978e-10, -0.04884977392581206], [0.04884977392581206, -7.225691999977087e-09, -0.9988061443824096], [3.5339532364879783e-10, -1.0000000072343287, -7.225691999977088e-09]], "fy": 2798.8999999999996, "fx": 2800.35}, {"id": 16, "img_name": "086", "width": 4032, "height": 3024, "position": [-6.906897732292168, 2.385996683076182, 14.882000124922364], "rotation": [[-0.9988061516167382, -3.533953236487978e-10, -0.04884977392581206], [0.04884977392581206, -7.225691999977087e-09, -0.9988061443824096], [3.5339532364879783e-10, -1.0000000072343287, -7.225691999977088e-09]], "fy": 2798.8999999999996, "fx": 2800.35}, {"id": 17, "img_name": "087", "width": 4032, "height": 3024, "position": [-6.926036613321721, 2.37473436757432, 13.534000115089015], "rotation": [[-0.9988061516167382, -3.533953236487978e-10, -0.04884977392581206], [0.04884977392581206, -7.225691999977087e-09, -0.9988061443824096], [3.5339532364879783e-10, -1.0000000072343287, -7.225691999977088e-09]], "fy": 2798.8999999999996, "fx": 2800.35}, {"id": 18, "img_name": "088", "width": 4032, "height": 3024, "position": [-6.870804343039889, 2.425119857300873, 12.13200010531099], "rotation": [[-0.9988061516167382, -3.533953236487978e-10, -0.04884977392581206], [0.04884977392581206, -7.225691999977087e-09, -0.9988061443824096], [3.5339532364879783e-10, -1.0000000072343287, -7.225691999977088e-09]], "fy": 2798.8999999999996, "fx": 2800.35}, {"id": 19, "img_name": "089", "width": 4032, "height": 3024, "position": [-6.879774409211479, 2.5158871777308893, 10.798000096317036], "rotation": [[-0.9988061516167382, -3.533953236487978e-10, -0.04884977392581206], [0.04884977392581206, -7.225691999977087e-09, -0.9988061443824096], [3.5339532364879783e-10, -1.0000000072343287, -7.225691999977088e-09]], "fy": 2798.8999999999996, "fx": 2800.35}, {"id": 20, "img_name": "090", "width": 4032, "height": 3024, "position": [-6.893195560514466, 2.5423501852099752, 9.954000090402705], "rotation": [[-0.9988061516167382, -3.533953236487978e-10, -0.04884977392581206], [0.04884977392581206, -7.225691999977087e-09, -0.9988061443824096], [3.5339532364879783e-10, -1.0000000072343287, -7.225691999977088e-09]], "fy": 2798.8999999999996, "fx": 2800.35}, {"id": 21, "img_name": "091", "width": 4032, "height": 3024, "position": [-6.876873254972649, 2.5303183731146155, 9.0200000835588], "rotation": [[-0.9988061516167382, -3.533953236487978e-10, -0.04884977392581206], [0.04884977392581206, -7.225691999977087e-09, -0.9988061443824096], [3.5339532364879783e-10, -1.0000000072343287, -7.225691999977088e-09]], "fy": 2798.8999999999996, "fx": 2800.35}, {"id": 22, "img_name": "092", "width": 4032, "height": 3024, "position": [-6.849768842545467, 2.556060214090661, 8.046000076698787], "rotation": [[-0.9988061516167382, -3.533953236487978e-10, -0.04884977392581206], [0.04884977392581206, -7.225691999977087e-09, -0.9988061443824096], [3.5339532364879783e-10, -1.0000000072343287, -7.225691999977088e-09]], "fy": 2798.8999999999996, "fx": 2800.35}, {"id": 23, "img_name": "093", "width": 4032, "height": 3024, "position": [-6.858641508727501, 2.5304923714143572, 7.255000070791469], "rotation": [[-0.9988061516167382, -3.533953236487978e-10, -0.04884977392581206], [0.04884977392581206, -7.225691999977087e-09, -0.9988061443824096], [3.5339532364879783e-10, -1.0000000072343287, -7.225691999977088e-09]], "fy": 2798.8999999999996, "fx": 2800.35}, {"id": 24, "img_name": "094", "width": 4032, "height": 3024, "position": [-6.838056220330554, 2.496341999500231, 6.6820000663991435], "rotation": [[-0.9988061516167382, -3.533953236487978e-10, -0.04884977392581206], [0.04884977392581206, -7.225691999977087e-09, -0.9988061443824096], [3.5339532364879783e-10, -1.0000000072343287, -7.225691999977088e-09]], "fy": 2798.8999999999996, "fx": 2800.35}, {"id": 25, "img_name": "106", "width": 4032, "height": 3024, "position": [-8.172191861186358, 2.502443632421363, 4.6550000517793], "rotation": [[-0.9988061516167382, -3.533953236487978e-10, -0.04884977392581206], [0.04884977392581206, -7.225691999977087e-09, -0.9988061443824096], [3.5339532364879783e-10, -1.0000000072343287, -7.225691999977088e-09]], "fy": 2798.8999999999996, "fx": 2800.35}, {"id": 26, "img_name": "107", "width": 4032, "height": 3024, "position": [-8.132573440593037, 2.4906341826473586, 4.65800005171557], "rotation": [[-0.9988061516167382, -3.533953236487978e-10, -0.04884977392581206], [0.04884977392581206, -7.225691999977087e-09, -0.9988061443824096], [3.5339532364879783e-10, -1.0000000072343287, -7.225691999977088e-09]], "fy": 2798.8999999999996, "fx": 2800.35}, {"id": 27, "img_name": "108", "width": 4032, "height": 3024, "position": [-8.15018687110133, 1.6827611892171859, 4.639000045733698], "rotation": [[-0.9988061516167382, -3.533953236487978e-10, -0.04884977392581206], [0.04884977392581206, -7.225691999977087e-09, -0.9988061443824096], [3.5339532364879783e-10, -1.0000000072343287, -7.225691999977088e-09]], "fy": 2798.8999999999996, "fx": 2800.35}, {"id": 28, "img_name": "109", "width": 4032, "height": 3024, "position": [-8.15265782313052, 0.7742081006001208, 4.675000039421362], "rotation": [[-0.9988061516167382, -3.533953236487978e-10, -0.04884977392581206], [0.04884977392581206, -7.225691999977087e-09, -0.9988061443824096], [3.5339532364879783e-10, -1.0000000072343287, -7.225691999977088e-09]], "fy": 2798.8999999999996, "fx": 2800.35}, {"id": 29, "img_name": "110", "width": 4032, "height": 3024, "position": [-8.670141653737776, 0.7592973165111141, 4.656000039176041], "rotation": [[-0.9988061516167382, -3.533953236487978e-10, -0.04884977392581206], [0.04884977392581206, -7.225691999977087e-09, -0.9988061443824096], [3.5339532364879783e-10, -1.0000000072343287, -7.225691999977088e-09]], "fy": 2798.8999999999996, "fx": 2800.35}, {"id": 30, "img_name": "118", "width": 4032, "height": 3024, "position": [-13.150016996119835, 0.9215131993818887, 6.763000055592294], "rotation": [[-0.9988061516167382, -3.533953236487978e-10, -0.04884977392581206], [0.04884977392581206, -7.225691999977087e-09, -0.9988061443824096], [3.5339532364879783e-10, -1.0000000072343287, -7.225691999977088e-09]], "fy": 2798.8999999999996, "fx": 2800.35}, {"id": 31, "img_name": "119", "width": 4032, "height": 3024, "position": [-13.123246928477302, 1.3006919832345687, 7.507000063717738], "rotation": [[-0.9988061516167382, -3.533953236487978e-10, -0.04884977392581206], [0.04884977392581206, -7.225691999977087e-09, -0.9988061443824096], [3.5339532364879783e-10, -1.0000000072343287, -7.225691999977088e-09]], "fy": 2798.8999999999996, "fx": 2800.35}, {"id": 32, "img_name": "120", "width": 4032, "height": 3024, "position": [-13.093709139236053, 2.0266895194532992, 8.032000072767866], "rotation": [[-0.9988061516167382, -3.533953236487978e-10, -0.04884977392581206], [0.04884977392581206, -7.225691999977087e-09, -0.9988061443824096], [3.5339532364879783e-10, -1.0000000072343287, -7.225691999977088e-09]], "fy": 2798.8999999999996, "fx": 2800.35}, {"id": 33, "img_name": "121", "width": 4032, "height": 3024, "position": [-13.050593806858586, 2.815970527313577, 8.460000081574078], "rotation": [[-0.9988061516167382, -3.533953236487978e-10, -0.04884977392581206], [0.04884977392581206, -7.225691999977087e-09, -0.9988061443824096], [3.5339532364879783e-10, -1.0000000072343287, -7.225691999977088e-09]], "fy": 2798.8999999999996, "fx": 2800.35}, {"id": 34, "img_name": "122", "width": 4032, "height": 3024, "position": [-13.018604762289158, 2.860594349448672, 9.103000086548574], "rotation": [[-0.9988061516167382, -3.533953236487978e-10, -0.04884977392581206], [0.04884977392581206, -7.225691999977087e-09, -0.9988061443824096], [3.5339532364879783e-10, -1.0000000072343287, -7.225691999977088e-09]], "fy": 2798.8999999999996, "fx": 2800.35}, {"id": 35, "img_name": "123", "width": 4032, "height": 3024, "position": [-13.026665468346886, 2.8560855758979677, 9.888000092194904], "rotation": [[-0.9988061516167382, -3.533953236487978e-10, -0.04884977392581206], [0.04884977392581206, -7.225691999977087e-09, -0.9988061443824096], [3.5339532364879783e-10, -1.0000000072343287, -7.225691999977088e-09]], "fy": 2798.8999999999996, "fx": 2800.35}, {"id": 36, "img_name": "124", "width": 4032, "height": 3024, "position": [-13.053939061204643, 2.8480695399624767, 10.628000097490316], "rotation": [[-0.9988061516167382, -3.533953236487978e-10, -0.04884977392581206], [0.04884977392581206, -7.225691999977087e-09, -0.9988061443824096], [3.5339532364879783e-10, -1.0000000072343287, -7.225691999977088e-09]], "fy": 2798.8999999999996, "fx": 2800.35}]